77.0,23.0,1055.0
59.0,25.0,1043.0
18.0,84.0,998.0
21.0,78.0,1024.0
32.0,78.0,982.0
22.0,108.0,994.0
26.0,112.0,905.0
38.0,95.0,917.0
48.0,42.0,1010.0
43.0,19.0,1030.0
32.0,-63.0,925.0
16.0,-180.0,932.0
61.0,-216.0,888.0
91.0,-283.0,941.0
102.0,-424.0,940.0
89.0,-468.0,948.0
72.0,-503.0,939.0
54.0,-544.0,878.0
79.0,-562.0,850.0
43.0,-586.0,829.0
14.0,-678.0,786.0
15.0,-664.0,774.0
30.0,-705.0,780.0
32.0,-764.0,768.0
35.0,-756.0,759.0
59.0,-789.0,752.0
80.0,-760.0,692.0
98.0,-778.0,704.0
92.0,-767.0,678.0
68.0,-798.0,710.0
84.0,-784.0,672.0
74.0,-800.0,690.0
90.0,-812.0,682.0
85.0,-807.0,692.0
77.0,-802.0,671.0
100.0,-802.0,654.0
96.0,-789.0,661.0
99.0,-762.0,669.0
174.0,-754.0,616.0
176.0,-756.0,587.0
124.0,-792.0,813.0
 -,-,-
36.0,16.0,1008.0
28.0,12.0,1016.0
24.0,16.0,1016.0
24.0,16.0,1020.0
24.0,20.0,1012.0
28.0,12.0,1008.0
24.0,20.0,1020.0
28.0,20.0,1024.0
20.0,8.0,1004.0
28.0,12.0,1000.0
32.0,20.0,1004.0
28.0,8.0,1020.0
32.0,12.0,1016.0
28.0,20.0,1024.0
20.0,12.0,1028.0
16.0,16.0,1020.0
32.0,20.0,1024.0
24.0,16.0,1024.0
28.0,12.0,1016.0
36.0,20.0,1008.0
36.0,24.0,1008.0
40.0,24.0,1004.0
32.0,24.0,1000.0
32.0,32.0,1000.0
28.0,20.0,988.0
28.0,24.0,1012.0
28.0,28.0,1024.0
32.0,32.0,1020.0
36.0,32.0,1008.0
24.0,28.0,1004.0
28.0,28.0,1012.0
28.0,28.0,1012.0
44.0,12.0,996.0
4.0,12.0,1044.0
0.0,12.0,1036.0
12.0,8.0,1024.0
 -,-,-
64.0,60.0,956.0
76.0,92.0,952.0
76.0,88.0,960.0
56.0,80.0,952.0
56.0,72.0,956.0
68.0,76.0,1004.0
64.0,72.0,1040.0
60.0,80.0,1044.0
68.0,76.0,1048.0
60.0,76.0,1020.0
76.0,80.0,988.0
80.0,80.0,984.0
68.0,68.0,980.0
72.0,72.0,976.0
72.0,64.0,988.0
68.0,56.0,1016.0
68.0,60.0,1008.0
76.0,60.0,1012.0
64.0,56.0,1024.0
64.0,68.0,1016.0
60.0,64.0,1012.0
60.0,60.0,1012.0
68.0,64.0,1000.0
68.0,60.0,1000.0
64.0,64.0,1000.0
64.0,68.0,1008.0
56.0,64.0,1004.0
60.0,68.0,1012.0
48.0,68.0,1008.0
48.0,64.0,1012.0
48.0,64.0,1008.0
44.0,56.0,1012.0
36.0,48.0,1008.0
 -,-,-
56.0,-72.0,1044.0
68.0,-76.0,1068.0
64.0,-56.0,1064.0
60.0,-44.0,1032.0
44.0,-28.0,984.0
40.0,-24.0,948.0
44.0,-36.0,968.0
52.0,-32.0,992.0
32.0,-8.0,1036.0
32.0,28.0,1020.0
40.0,16.0,948.0
56.0,48.0,996.0
64.0,72.0,1036.0
56.0,64.0,960.0
52.0,60.0,1000.0
40.0,92.0,1040.0
48.0,112.0,1000.0
48.0,112.0,992.0
44.0,112.0,1000.0
52.0,132.0,988.0
48.0,84.0,956.0
56.0,104.0,1012.0
48.0,108.0,1028.0
56.0,108.0,1016.0
72.0,124.0,1000.0
72.0,120.0,1012.0
64.0,100.0,1004.0
52.0,104.0,1008.0
52.0,112.0,1012.0
56.0,108.0,992.0
52.0,104.0,980.0
60.0,88.0,976.0
64.0,88.0,1036.0
88.0,104.0,1060.0
68.0,108.0,1040.0
56.0,92.0,1032.0
24.0,100.0,1012.0
20.0,100.0,1000.0
16.0,112.0,1012.0
0.0,128.0,1020.0
0.0,140.0,988.0
20.0,152.0,1000.0
24.0,176.0,964.0
28.0,148.0,984.0
 -,-,-
100.0,36.0,812.0
84.0,40.0,864.0
36.0,24.0,920.0
44.0,72.0,968.0
-4.0,24.0,964.0
-4.0,24.0,948.0
32.0,24.0,968.0
60.0,4.0,1048.0
64.0,12.0,1056.0
76.0,8.0,1024.0
64.0,12.0,1004.0
64.0,0.0,1008.0
32.0,4.0,972.0
44.0,16.0,992.0
20.0,4.0,1000.0
16.0,-16.0,1016.0
16.0,-12.0,1028.0
16.0,0.0,1020.0
24.0,12.0,1016.0
20.0,4.0,1004.0
12.0,8.0,1000.0
12.0,8.0,1012.0
12.0,12.0,996.0
20.0,16.0,984.0
24.0,4.0,980.0
28.0,8.0,988.0
36.0,16.0,1000.0
36.0,16.0,1000.0
32.0,8.0,1000.0
32.0,12.0,1000.0
28.0,-8.0,1008.0
16.0,-20.0,1032.0
4.0,-36.0,1008.0
-12.0,-36.0,1036.0
-20.0,-40.0,1032.0
-16.0,-52.0,1004.0
-52.0,-56.0,1008.0
-48.0,-44.0,976.0
-36.0,-48.0,968.0
-12.0,-36.0,972.0
-32.0,-40.0,952.0
 -,-,-
8.0,80.0,1028.0
-4.0,88.0,1012.0
-12.0,92.0,1004.0
-12.0,104.0,1012.0
-28.0,92.0,1032.0
-36.0,100.0,1032.0
-20.0,124.0,1004.0
-16.0,112.0,988.0
-8.0,112.0,992.0
-4.0,104.0,1000.0
12.0,120.0,1012.0
16.0,120.0,1008.0
20.0,120.0,1008.0
12.0,112.0,996.0
8.0,124.0,988.0
4.0,120.0,992.0
4.0,116.0,1012.0
0.0,120.0,1012.0
12.0,136.0,992.0
12.0,128.0,980.0
20.0,128.0,992.0
16.0,124.0,996.0
16.0,124.0,1004.0
8.0,116.0,1000.0
12.0,124.0,1000.0
20.0,124.0,1004.0
20.0,120.0,1004.0
24.0,128.0,1008.0
24.0,128.0,996.0
32.0,128.0,992.0
24.0,120.0,1004.0
56.0,60.0,972.0
32.0,92.0,980.0
16.0,184.0,972.0
12.0,168.0,984.0
8.0,148.0,1000.0
4.0,132.0,996.0
4.0,140.0,988.0
8.0,136.0,996.0
8.0,156.0,1024.0
8.0,152.0,996.0
24.0,156.0,988.0
16.0,148.0,996.0
16.0,152.0,996.0
20.0,160.0,988.0
12.0,144.0,988.0
16.0,156.0,992.0
24.0,176.0,972.0
8.0,172.0,904.0
0.0,152.0,944.0
-4.0,156.0,908.0
4.0,100.0,924.0
 -,-,-
4.0,76.0,1032.0
4.0,80.0,1020.0
32.0,92.0,988.0
32.0,104.0,992.0
28.0,96.0,1012.0
20.0,92.0,1028.0
24.0,96.0,1012.0
20.0,100.0,992.0
24.0,108.0,992.0
24.0,108.0,992.0
16.0,104.0,984.0
16.0,92.0,984.0
12.0,88.0,992.0
4.0,92.0,1012.0
12.0,100.0,1000.0
16.0,104.0,1004.0
20.0,100.0,1000.0
16.0,92.0,1004.0
12.0,92.0,1012.0
12.0,104.0,1004.0
20.0,100.0,992.0
16.0,100.0,1008.0
16.0,104.0,1004.0
12.0,92.0,1008.0
20.0,108.0,1012.0
16.0,100.0,1012.0
16.0,92.0,1016.0
36.0,116.0,992.0
36.0,104.0,996.0
24.0,84.0,1008.0
24.0,84.0,1000.0
24.0,80.0,984.0
28.0,100.0,1000.0
-20.0,72.0,996.0
-52.0,100.0,1024.0
-40.0,92.0,1020.0
-24.0,84.0,1004.0
-20.0,88.0,1004.0
-20.0,84.0,992.0
-28.0,60.0,980.0
-8.0,76.0,992.0
-4.0,68.0,996.0
4.0,80.0,988.0
4.0,72.0,980.0
12.0,88.0,984.0
12.0,80.0,988.0
16.0,80.0,984.0
28.0,72.0,992.0
84.0,64.0,924.0
56.0,12.0,936.0
32.0,-8.0,920.0
-24.0,-104.0,916.0
-12.0,-160.0,960.0
-16.0,-180.0,896.0
 -,-,-
120.0,96.0,1036.0
116.0,136.0,1000.0
68.0,104.0,936.0
32.0,72.0,968.0
24.0,104.0,984.0
40.0,112.0,1004.0
32.0,108.0,992.0
24.0,104.0,968.0
36.0,116.0,976.0
56.0,112.0,992.0
52.0,112.0,996.0
48.0,112.0,1012.0
36.0,120.0,996.0
24.0,104.0,992.0
16.0,108.0,1012.0
20.0,128.0,1016.0
20.0,120.0,1008.0
28.0,128.0,996.0
24.0,120.0,980.0
20.0,120.0,976.0
20.0,116.0,1004.0
28.0,112.0,1016.0
24.0,104.0,1004.0
20.0,96.0,996.0
20.0,84.0,988.0
24.0,100.0,1004.0
28.0,104.0,1004.0
24.0,96.0,1000.0
28.0,72.0,1028.0
28.0,88.0,1008.0
28.0,80.0,1012.0
12.0,80.0,1004.0
-100.0,140.0,960.0
0.0,80.0,988.0
-8.0,88.0,1012.0
0.0,92.0,1000.0
0.0,116.0,1016.0
-4.0,100.0,1004.0
-36.0,232.0,792.0
-4.0,56.0,1008.0
28.0,84.0,960.0
 -,-,-
28.0,108.0,996.0
32.0,108.0,1008.0
36.0,108.0,1020.0
36.0,112.0,1012.0
40.0,116.0,1020.0
40.0,108.0,1008.0
44.0,112.0,1012.0
40.0,124.0,988.0
44.0,124.0,996.0
32.0,124.0,996.0
28.0,124.0,1000.0
28.0,128.0,1000.0
28.0,128.0,996.0
16.0,132.0,1000.0
16.0,140.0,1012.0
8.0,132.0,1004.0
0.0,132.0,1012.0
0.0,132.0,1012.0
16.0,144.0,992.0
28.0,140.0,984.0
20.0,140.0,1008.0
28.0,140.0,1036.0
36.0,148.0,1024.0
48.0,168.0,1028.0
36.0,160.0,1008.0
28.0,152.0,992.0
20.0,148.0,996.0
20.0,144.0,1004.0
24.0,148.0,992.0
20.0,140.0,988.0
28.0,152.0,988.0
16.0,128.0,916.0
16.0,140.0,988.0
12.0,140.0,996.0
12.0,152.0,1020.0
8.0,164.0,996.0
32.0,164.0,992.0
20.0,164.0,992.0
20.0,168.0,992.0
20.0,176.0,996.0
16.0,172.0,992.0
16.0,172.0,988.0
24.0,184.0,980.0
24.0,188.0,984.0
24.0,192.0,988.0
16.0,188.0,964.0
0.0,184.0,964.0
-20.0,180.0,988.0
-28.0,180.0,944.0
-20.0,184.0,940.0
-28.0,148.0,884.0
-68.0,76.0,900.0
-36.0,24.0,932.0
24.0,-12.0,852.0
-56.0,-220.0,740.0
4.0,-240.0,828.0
24.0,-340.0,892.0
 -,-,-
24.0,112.0,1008.0
20.0,108.0,1016.0
20.0,100.0,1024.0
28.0,104.0,1012.0
28.0,104.0,1012.0
28.0,108.0,1012.0
32.0,112.0,1024.0
24.0,108.0,1004.0
32.0,116.0,1000.0
24.0,116.0,1004.0
28.0,108.0,1016.0
24.0,108.0,1004.0
28.0,104.0,1016.0
32.0,108.0,1012.0
36.0,108.0,1012.0
32.0,112.0,996.0
40.0,108.0,1000.0
36.0,104.0,996.0
40.0,108.0,996.0
48.0,112.0,1004.0
32.0,104.0,1012.0
28.0,104.0,1012.0
36.0,112.0,1000.0
36.0,108.0,1008.0
40.0,108.0,988.0
40.0,100.0,992.0
32.0,100.0,996.0
36.0,104.0,1008.0
40.0,116.0,988.0
44.0,112.0,1012.0
36.0,100.0,996.0
36.0,100.0,992.0
-80.0,236.0,1284.0
24.0,128.0,988.0
24.0,128.0,1000.0
28.0,112.0,1020.0
36.0,108.0,1008.0
28.0,108.0,1000.0
24.0,112.0,1004.0
16.0,100.0,1000.0
24.0,108.0,1008.0
24.0,116.0,1008.0
12.0,112.0,1016.0
20.0,116.0,1012.0
16.0,124.0,1004.0
20.0,124.0,996.0
20.0,128.0,996.0
24.0,132.0,992.0
20.0,152.0,972.0
20.0,132.0,980.0
16.0,124.0,1004.0
-4.0,116.0,1008.0
-20.0,96.0,944.0
-32.0,64.0,968.0
8.0,12.0,968.0
4.0,-8.0,888.0
20.0,-24.0,844.0
32.0,-268.0,1056.0
64.0,-232.0,1028.0
64.0,-272.0,932.0
44.0,-352.0,732.0
32.0,-444.0,764.0
16.0,-536.0,744.0
36.0,-724.0,732.0
32.0,-740.0,780.0
12.0,-780.0,768.0



